{
  "frames": [
    {
      "file_path": "./data\\my_scene\\images/0050.jpg",
      "sharpness": 23.696792772499784,
      "transform_matrix": [
        [
          0.5156300300900123,
          0.43674280856836656,
          -0.7371440777128225,
          -3.24641616263898
        ],
        [
          -0.8478749530713154,
          0.13615852912544754,
          -0.512414791844331,
          -2.049630810398711
        ],
        [
          -0.12342502196715559,
          0.8892224548348181,
          0.44051071478910514,
          2.1746408495688456
        ],
        [
          0.0,
          0.0,
          0.0,
          1.0
        ]
      ],
      "w": 960.0,
      "h": 540.0,
      "fl_x": 835.7558606653215,
      "fl_y": 835.7558606653215,
      "k1": 0,
      "k2": 0,
      "k3": 0,
      "k4": 0,
      "p1": 0,
      "p2": 0,
      "cx": 480.0,
      "cy": 270.0,
      "is_fisheye": false,
      "camera_angle_x": 1.0426618281060205,
      "camera_angle_y": 0.624954014156303,
      "fovx": 59.740122209869895,
      "fovy": 35.80722740091527
    },
    {
      "file_path": "./data\\my_scene\\images/0051.jpg",
      "sharpness": 19.77852622117198,
      "transform_matrix": [
        [
          0.5540534909631958,
          0.43186107063166074,
          -0.7117027082274394,
          -3.1351741150152286
        ],
        [
          -0.8272554978038023,
          0.18997944337475767,
          -0.528730699362692,
          -2.141507155628338
        ],
        [
          -0.09312932154524255,
          0.8817050679443161,
          0.46251821878050686,
          2.0298606943896838
        ],
        [
          0.0,
          0.0,
          0.0,
          1.0
        ]
      ],
      "w": 960.0,
      "h": 540.0,
      "fl_x": 829.6530978583238,
      "fl_y": 829.6530978583238,
      "k1": 0,
      "k2": 0,
      "k3": 0,
      "k4": 0,
      "p1": 0,
      "p2": 0,
      "cx": 480.0,
      "cy": 270.0,
      "is_fisheye": false,
      "camera_angle_x": 1.04900379857645,
      "camera_angle_y": 0.6292546025119091,
      "fovx": 60.1034903516221,
      "fovy": 36.0536329631146
    },
    {
      "file_path": "./data\\my_scene\\images/0052.jpg",
      "sharpness": 31.43041649942605,
      "transform_matrix": [
        [
          0.6136650770116199,
          0.4223958463426242,
          -0.6670808963856794,
          -2.9740902845541797
        ],
        [
          -0.7843219696462064,
          0.22889663860785997,
          -0.5765807634360337,
          -2.336723710664256
        ],
        [
          -0.09085274469423982,
          0.8770336811639649,
          0.4717602155328166,
          1.9937408972246342
        ],
        [
          0.0,
          0.0,
          0.0,
          1.0
        ]
      ],
      "w": 960.0,
      "h": 540.0,
      "fl_x": 830.021380853722,
      "fl_y": 830.021380853722,
      "k1": 0,
      "k2": 0,
      "k3": 0,
      "k4": 0,
      "p1": 0,
      "p2": 0,
      "cx": 480.0,
      "cy": 270.0,
      "is_fisheye": false,
      "camera_angle_x": 1.0486190975935132,
      "camera_angle_y": 0.6289934534225422,
      "fovx": 60.081448608925285,
      "fovy": 36.038670222470195
    },
    {
      "file_path": "./data\\my_scene\\images/0053.jpg",
      "sharpness": 40.73338103536388,
      "transform_matrix": [
        [
          0.649045302524162,
          0.4263029116424374,
          -0.6300841395166198,
          -2.6017321520389936
        ],
        [
          -0.7552756193823236,
          0.26190927747466575,
          -0.6008013558069808,
          -2.4051081827540535
        ],
        [
          -0.09109848557019566,
          0.8658344864730623,
          0.49196718186765936,
          2.0816523489075216
        ],
        [
          0.0,
          0.0,
          0.0,
          1.0
        ]
      ],
      "w": 960.0,
      "h": 540.0,
      "fl_x": 822.1594002740226,
      "fl_y": 822.1594002740226,
      "k1": 0,
      "k2": 0,
      "k3": 0,
      "k4": 0,
      "p1": 0,
      "p2": 0,
      "cx": 480.0,
      "cy": 270.0,
      "is_fisheye": false,
      "camera_angle_x": 1.056887476931457,
      "camera_angle_y": 0.6346142700490206,
      "fovx": 60.555191848402636,
      "fovy": 36.36071929258436
    },
    {
      "file_path": "./data\\my_scene\\images/0054.jpg",
      "sharpness": 63.3669575736024,
      "transform_matrix": [
        [
          0.6717998169971487,
          0.43190004520410546,
          -0.6017868035352627,
          -2.401443464155049
        ],
        [
          -0.7331115274922523,
          0.27143649196930336,
          -0.623594194236552,
          -2.5535635847050226
        ],
        [
          -0.1059834618147525,
          0.8601073083330171,
          0.4989818874948811,
          2.3534388746871944
        ],
        [
          0.0,
          0.0,
          0.0,
          1.0
        ]
      ],
      "w": 960.0,
      "h": 540.0,
      "fl_x": 828.5141060370734,
      "fl_y": 828.5141060370734,
      "k1": 0,
      "k2": 0,
      "k3": 0,
      "k4": 0,
      "p1": 0,
      "p2": 0,
      "cx": 480.0,
      "cy": 270.0,
      "is_fisheye": false,
      "camera_angle_x": 1.0501951874271112,
      "camera_angle_y": 0.6300635888334156,
      "fovx": 60.17175190452392,
      "fovy": 36.09998446502074
    },
    {
      "file_path": "./data\\my_scene\\images/0055.jpg",
      "sharpness": 18.290121475083446,
      "transform_matrix": [
        [
          0.6867157708377575,
          0.44008472800470344,
          -0.5785731434603842,
          -2.2747326089783013
        ],
        [
          -0.7139880599714066,
          0.258845674614558,
          -0.6505535849964714,
          -2.823504551844076
        ],
        [
          -0.13653754187278835,
          0.8598397228429573,
          0.49196864814207864,
          2.33190222214669
        ],
        [
          0.0,
          0.0,
          0.0,
          1.0
        ]
      ],
      "w": 960.0,
      "h": 540.0,
      "fl_x": 829.4981419976717,
      "fl_y": 829.4981419976717,
      "k1": 0,
      "k2": 0,
      "k3": 0,
      "k4": 0,
      "p1": 0,
      "p2": 0,
      "cx": 480.0,
      "cy": 270.0,
      "is_fisheye": false,
      "camera_angle_x": 1.0491657388352456,
      "camera_angle_y": 0.6293645442239942,
      "fovx": 60.11276884498434,
      "fovy": 36.059932159209524
    },
    {
      "file_path": "./data\\my_scene\\images/0056.jpg",
      "sharpness": 30.193801049879117,
      "transform_matrix": [
        [
          0.6855627258769097,
          0.4395252470152991,
          -0.5803630813536136,
          -2.3235464097365957
        ],
        [
          -0.7100633033061541,
          0.22775809582336778,
          -0.6662854906757507,
          -2.947709391706219
        ],
        [
          -0.1606669045766879,
          0.8688750238627878,
          0.46823320979533956,
          2.156894198865013
        ],
        [
          0.0,
          0.0,
          0.0,
          1.0
        ]
      ],
      "w": 960.0,
      "h": 540.0,
      "fl_x": 830.1852251840078,
      "fl_y": 830.1852251840078,
      "k1": 0,
      "k2": 0,
      "k3": 0,
      "k4": 0,
      "p1": 0,
      "p2": 0,
      "cx": 480.0,
      "cy": 270.0,
      "is_fisheye": false,
      "camera_angle_x": 1.0484480313245539,
      "camera_angle_y": 0.6288773389225015,
      "fovx": 60.07164723369687,
      "fovy": 36.032017351677595
    },
    {
      "file_path": "./data\\my_scene\\images/0057.jpg",
      "sharpness": 46.395225261752536,
      "transform_matrix": [
        [
          0.702793103752446,
          0.44514798241405834,
          -0.5549100171600769,
          -2.26534200865285
        ],
        [
          -0.6890734860685199,
          0.23210538959719723,
          -0.6865164374707067,
          -3.13848507523357
        ],
        [
          -0.17680380130984522,
          0.8648527978459468,
          0.4698617392111089,
          1.9185390724485119
        ],
        [
          0.0,
          0.0,
          0.0,
          1.0
        ]
      ],
      "w": 960.0,
      "h": 540.0,
      "fl_x": 824.0159825017355,
      "fl_y": 824.0159825017355,
      "k1": 0,
      "k2": 0,
      "k3": 0,
      "k4": 0,
      "p1": 0,
      "p2": 0,
      "cx": 480.0,
      "cy": 270.0,
      "is_fisheye": false,
      "camera_angle_x": 1.0549242955445601,
      "camera_angle_y": 0.6332781946030981,
      "fovx": 60.442709840514816,
      "fovy": 36.28416780842195
    },
    {
      "file_path": "./data\\my_scene\\images/0058.jpg",
      "sharpness": 56.072100404791186,
      "transform_matrix": [
        [
          0.7573342656999089,
          0.43296132325802306,
          -0.48886532156959267,
          -2.040256437221609
        ],
        [
          -0.6216418670287789,
          0.2486922476516058,
          -0.7427742288980725,
          -3.134190630464068
        ],
        [
          -0.20001549740560015,
          0.8664275264494845,
          0.45749004610185723,
          1.831556493913735
        ],
        [
          0.0,
          0.0,
          0.0,
          1.0
        ]
      ],
      "w": 960.0,
      "h": 540.0,
      "fl_x": 820.3525049945645,
      "fl_y": 820.3525049945645,
      "k1": 0,
      "k2": 0,
      "k3": 0,
      "k4": 0,
      "p1": 0,
      "p2": 0,
      "cx": 480.0,
      "cy": 270.0,
      "is_fisheye": false,
      "camera_angle_x": 1.0588044783830404,
      "camera_angle_y": 0.6359198291220638,
      "fovx": 60.665027940898824,
      "fovy": 36.435522317374755
    },
    {
      "file_path": "./data\\my_scene\\images/0060.jpg",
      "sharpness": 64.87924575482953,
      "transform_matrix": [
        [
          0.8538874718270466,
          0.3870921189876676,
          -0.3479021082838561,
          -1.456212736902673
        ],
        [
          -0.4791239058705323,
          0.32358015189630424,
          -0.8159265703004713,
          -2.9614556594998143
        ],
        [
          -0.20326452799241496,
          0.8633976932919369,
          0.46176612581721954,
          1.8754022179822083
        ],
        [
          0.0,
          0.0,
          0.0,
          1.0
        ]
      ],
      "w": 960.0,
      "h": 540.0,
      "fl_x": 815.947121881129,
      "fl_y": 815.947121881129,
      "k1": 0,
      "k2": 0,
      "k3": 0,
      "k4": 0,
      "p1": 0,
      "p2": 0,
      "cx": 480.0,
      "cy": 270.0,
      "is_fisheye": false,
      "camera_angle_x": 1.063504776189308,
      "camera_angle_y": 0.6391247588970171,
      "fovx": 60.934335167652556,
      "fovy": 36.61915126711539
    },
    {
      "file_path": "./data\\my_scene\\images/0061.jpg",
      "sharpness": 71.05366760592896,
      "transform_matrix": [
        [
          0.8736074948566199,
          0.3945283834267737,
          -0.28488120274054357,
          -1.3165327001730494
        ],
        [
          -0.43788871113635325,
          0.3819477100449715,
          -0.8138608133157087,
          -3.065312856088469
        ],
        [
          -0.2122814679902378,
          0.8357411689777379,
          0.5064319074640689,
          1.8983827184326914
        ],
        [
          0.0,
          0.0,
          0.0,
          1.0
        ]
      ],
      "w": 960.0,
      "h": 540.0,
      "fl_x": 813.8622270897464,
      "fl_y": 813.8622270897464,
      "k1": 0,
      "k2": 0,
      "k3": 0,
      "k4": 0,
      "p1": 0,
      "p2": 0,
      "cx": 480.0,
      "cy": 270.0,
      "is_fisheye": false,
      "camera_angle_x": 1.065742415716088,
      "camera_angle_y": 0.6406524265036148,
      "fovx": 61.0625424686087,
      "fovy": 36.70668017347229
    },
    {
      "file_path": "./data\\my_scene\\images/0062.jpg",
      "sharpness": 59.89275117096707,
      "transform_matrix": [
        [
          0.8764895998122769,
          0.4259436988679701,
          -0.22436119737933075,
          -1.0411904222025212
        ],
        [
          -0.4084027171659807,
          0.41111212643856576,
          -0.8149810059791365,
          -2.874281633691031
        ],
        [
          -0.2548984152489735,
          0.805952098421592,
          0.5342920671575202,
          2.1850360900603643
        ],
        [
          0.0,
          0.0,
          0.0,
          1.0
        ]
      ],
      "w": 960.0,
      "h": 540.0,
      "fl_x": 811.7953719548997,
      "fl_y": 811.7953719548997,
      "k1": 0,
      "k2": 0,
      "k3": 0,
      "k4": 0,
      "p1": 0,
      "p2": 0,
      "cx": 480.0,
      "cy": 270.0,
      "is_fisheye": false,
      "camera_angle_x": 1.0679691055274405,
      "camera_angle_y": 0.6421738515261542,
      "fovx": 61.19012239708398,
      "fovy": 36.7938514061094
    },
    {
      "file_path": "./data\\my_scene\\images/0063.jpg",
      "sharpness": 45.11949204978623,
      "transform_matrix": [
        [
          0.8492071174622188,
          0.489920419128186,
          -0.1970412511294844,
          -0.7827220618129764
        ],
        [
          -0.4358729037266576,
          0.43968432096100546,
          -0.7852977204208046,
          -2.665136499989045
        ],
        [
          -0.29809743962479535,
          0.7527653557919448,
          0.5869260904770119,
          2.422019797060524
        ],
        [
          0.0,
          0.0,
          0.0,
          1.0
        ]
      ],
      "w": 960.0,
      "h": 540.0,
      "fl_x": 823.8936142216619,
      "fl_y": 823.8936142216619,
      "k1": 0,
      "k2": 0,
      "k3": 0,
      "k4": 0,
      "p1": 0,
      "p2": 0,
      "cx": 480.0,
      "cy": 270.0,
      "is_fisheye": false,
      "camera_angle_x": 1.055053486520196,
      "camera_angle_y": 0.6333660886425087,
      "fovx": 60.45011193816992,
      "fovy": 36.289203765924526
    },
    {
      "file_path": "./data\\my_scene\\images/0064.jpg",
      "sharpness": 45.74279125645012,
      "transform_matrix": [
        [
          0.8060163807292166,
          0.5698698773467271,
          -0.15995598445479098,
          -0.651302222799529
        ],
        [
          -0.47401149254567787,
          0.45962833629917693,
          -0.7510358829014966,
          -2.5679148350112353
        ],
        [
          -0.35447242345601404,
          0.6811681990670645,
          0.6405928392223983,
          2.7311992652949084
        ],
        [
          0.0,
          0.0,
          0.0,
          1.0
        ]
      ],
      "w": 960.0,
      "h": 540.0,
      "fl_x": 863.1866954690393,
      "fl_y": 863.1866954690393,
      "k1": 0,
      "k2": 0,
      "k3": 0,
      "k4": 0,
      "p1": 0,
      "p2": 0,
      "cx": 480.0,
      "cy": 270.0,
      "is_fisheye": false,
      "camera_angle_x": 1.0149968220021925,
      "camera_angle_y": 0.6063061823683032,
      "fovx": 58.155034119916884,
      "fovy": 34.73878534239299
    },
    {
      "file_path": "./data\\my_scene\\images/0065.jpg",
      "sharpness": 49.66737068427769,
      "transform_matrix": [
        [
          0.7487516068978097,
          0.6526754452912187,
          -0.11569699371962042,
          -0.40107282702503616
        ],
        [
          -0.5387671900997237,
          0.4975665699809979,
          -0.6798216113875418,
          -2.3828057899203636
        ],
        [
          -0.3861359166087732,
          0.5713512681395854,
          0.7241938845185393,
          3.030664791325489
        ],
        [
          0.0,
          0.0,
          0.0,
          1.0
        ]
      ],
      "w": 960.0,
      "h": 540.0,
      "fl_x": 860.5212510690242,
      "fl_y": 860.5212510690242,
      "k1": 0,
      "k2": 0,
      "k3": 0,
      "k4": 0,
      "p1": 0,
      "p2": 0,
      "cx": 480.0,
      "cy": 270.0,
      "is_fisheye": false,
      "camera_angle_x": 1.017626137807022,
      "camera_angle_y": 0.6080707482314561,
      "fovx": 58.30568281854065,
      "fovy": 34.83988751902451
    },
    {
      "file_path": "./data\\my_scene\\images/0066.jpg",
      "sharpness": 91.69519276971639,
      "transform_matrix": [
        [
          0.6895751836782091,
          0.7206848709486129,
          -0.0714099636944706,
          -0.37193733682843494
        ],
        [
          -0.6074170472575607,
          0.5218511460840313,
          -0.5989289707735386,
          -2.1274429631399077
        ],
        [
          -0.3943736766135344,
          0.45638218432342853,
          0.7976118762283825,
          3.264750947469904
        ],
        [
          0.0,
          0.0,
          0.0,
          1.0
        ]
      ],
      "w": 960.0,
      "h": 540.0,
      "fl_x": 868.6190709701298,
      "fl_y": 868.6190709701298,
      "k1": 0,
      "k2": 0,
      "k3": 0,
      "k4": 0,
      "p1": 0,
      "p2": 0,
      "cx": 480.0,
      "cy": 270.0,
      "is_fisheye": false,
      "camera_angle_x": 1.0096763034088085,
      "camera_angle_y": 0.6027404239382862,
      "fovx": 57.85019085969511,
      "fovy": 34.53448243358981
    },
    {
      "file_path": "./data\\my_scene\\images/0067.jpg",
      "sharpness": 75.28356210183982,
      "transform_matrix": [
        [
          0.6364921233994049,
          0.7705804043372089,
          -0.03291834406406817,
          -0.14201338030280727
        ],
        [
          -0.6712335203408981,
          0.532400376868662,
          -0.5157474186857668,
          -2.0165431594384717
        ],
        [
          -0.3798991156411478,
          0.3503650656269833,
          0.8561080438807562,
          3.418962250160652
        ],
        [
          0.0,
          0.0,
          0.0,
          1.0
        ]
      ],
      "w": 960.0,
      "h": 540.0,
      "fl_x": 859.5017029220438,
      "fl_y": 859.5017029220438,
      "k1": 0,
      "k2": 0,
      "k3": 0,
      "k4": 0,
      "p1": 0,
      "p2": 0,
      "cx": 480.0,
      "cy": 270.0,
      "is_fisheye": false,
      "camera_angle_x": 1.0186351547984733,
      "camera_angle_y": 0.6087483393432831,
      "fovx": 58.36349523360781,
      "fovy": 34.87871062996777
    },
    {
      "file_path": "./data\\my_scene\\images/0068.jpg",
      "sharpness": 113.82704423814728,
      "transform_matrix": [
        [
          0.573561774565665,
          0.8191537559666141,
          -0.003743650194024969,
          0.10543217490231979
        ],
        [
          -0.7398017395551012,
          0.5160272651792143,
          -0.4317513726012557,
          -1.7912274807106958
        ],
        [
          -0.3517389329386494,
          0.2504056423661629,
          0.9019848875676527,
          3.4483332182565993
        ],
        [
          0.0,
          0.0,
          0.0,
          1.0
        ]
      ],
      "w": 960.0,
      "h": 540.0,
      "fl_x": 852.7202613199969,
      "fl_y": 852.7202613199969,
      "k1": 0,
      "k2": 0,
      "k3": 0,
      "k4": 0,
      "p1": 0,
      "p2": 0,
      "cx": 480.0,
      "cy": 270.0,
      "is_fisheye": false,
      "camera_angle_x": 1.025393237488352,
      "camera_angle_y": 0.6132927749260186,
      "fovx": 58.75070484933828,
      "fovy": 35.139087609127586
    },
    {
      "file_path": "./data\\my_scene\\images/0069.jpg",
      "sharpness": 25.894394265102857,
      "transform_matrix": [
        [
          0.48683533354094405,
          0.8732469143885202,
          0.020764984972455616,
          0.07040601714392766
        ],
        [
          -0.8208509128462225,
          0.465493916737878,
          -0.3309368404389471,
          -1.4280626792748088
        ],
        [
          -0.2986555489566283,
          0.14406679022620283,
          0.9434244130323295,
          3.552549962991906
        ],
        [
          0.0,
          0.0,
          0.0,
          1.0
        ]
      ],
      "w": 960.0,
      "h": 540.0,
      "fl_x": 834.0275514059533,
      "fl_y": 834.0275514059533,
      "k1": 0,
      "k2": 0,
      "k3": 0,
      "k4": 0,
      "p1": 0,
      "p2": 0,
      "cx": 480.0,
      "cy": 270.0,
      "is_fisheye": false,
      "camera_angle_x": 1.0444508067341076,
      "camera_angle_y": 0.6261661641257187,
      "fovx": 59.84262313489839,
      "fovy": 35.876678478299695
    },
    {
      "file_path": "./data\\my_scene\\images/0070.jpg",
      "sharpness": 29.726529694700297,
      "transform_matrix": [
        [
          0.3380487895319149,
          0.9407794695618541,
          0.025632120880318857,
          0.06176578182250478
        ],
        [
          -0.911701534350479,
          0.33411462767303207,
          -0.239097736999022,
          -0.984206998674918
        ],
        [
          -0.23350230871177757,
          0.05745785663709631,
          0.9706571313347477,
          3.8491131649140637
        ],
        [
          0.0,
          0.0,
          0.0,
          1.0
        ]
      ],
      "w": 960.0,
      "h": 540.0,
      "fl_x": 816.1251615995391,
      "fl_y": 816.1251615995391,
      "k1": 0,
      "k2": 0,
      "k3": 0,
      "k4": 0,
      "p1": 0,
      "p2": 0,
      "cx": 480.0,
      "cy": 270.0,
      "is_fisheye": false,
      "camera_angle_x": 1.063314086383159,
      "camera_angle_y": 0.6389946296348371,
      "fovx": 60.923409446564044,
      "fovy": 36.611695409601325
    },
    {
      "file_path": "./data\\my_scene\\images/0081.jpg",
      "sharpness": 32.002291041151665,
      "transform_matrix": [
        [
          -0.8704551271425854,
          -0.3701726366021489,
          0.32446893659655507,
          0.975567995541584
        ],
        [
          0.47961299611548963,
          -0.7861702276115741,
          0.38975344408285845,
          1.7495672524596801
        ],
        [
          0.11081175771607912,
          0.4948824025508857,
          0.861865512752075,
          3.5377363772706643
        ],
        [
          0.0,
          0.0,
          0.0,
          1.0
        ]
      ],
      "w": 960.0,
      "h": 540.0,
      "fl_x": 829.762166372219,
      "fl_y": 829.762166372219,
      "k1": 0,
      "k2": 0,
      "k3": 0,
      "k4": 0,
      "p1": 0,
      "p2": 0,
      "cx": 480.0,
      "cy": 270.0,
      "is_fisheye": false,
      "camera_angle_x": 1.048889841140504,
      "camera_angle_y": 0.6291772402943329,
      "fovx": 60.09696107149827,
      "fovy": 36.04920043455371
    },
    {
      "file_path": "./data\\my_scene\\images/0082.jpg",
      "sharpness": 36.092131533007404,
      "transform_matrix": [
        [
          -0.8232287334143379,
          -0.44016289543711146,
          0.358540204210551,
          1.3149376807967097
        ],
        [
          0.5620218885855666,
          -0.7210560967427881,
          0.40522771635332205,
          1.875031359409464
        ],
        [
          0.08016139523197541,
          0.5351025423821988,
          0.8409752790211084,
          3.4038654158426205
        ],
        [
          0.0,
          0.0,
          0.0,
          1.0
        ]
      ],
      "w": 960.0,
      "h": 540.0,
      "fl_x": 839.1261501688697,
      "fl_y": 839.1261501688697,
      "k1": 0,
      "k2": 0,
      "k3": 0,
      "k4": 0,
      "p1": 0,
      "p2": 0,
      "cx": 480.0,
      "cy": 270.0,
      "is_fisheye": false,
      "camera_angle_x": 1.0391891880874404,
      "camera_angle_y": 0.6226032718604001,
      "fovx": 59.54115459303702,
      "fovy": 35.67253978863713
    },
    {
      "file_path": "./data\\my_scene\\images/0083.jpg",
      "sharpness": 32.11918198459872,
      "transform_matrix": [
        [
          -0.7571518117679763,
          -0.49410298412021825,
          0.4272977592895463,
          1.5139794812601433
        ],
        [
          0.6407464981348049,
          -0.689062980848176,
          0.33857958230343915,
          1.5312982398472932
        ],
        [
          0.12714188574749477,
          0.5301456870943193,
          0.8383200411644259,
          2.873262258252962
        ],
        [
          0.0,
          0.0,
          0.0,
          1.0
        ]
      ],
      "w": 960.0,
      "h": 540.0,
      "fl_x": 827.3962246331455,
      "fl_y": 827.3962246331455,
      "k1": 0,
      "k2": 0,
      "k3": 0,
      "k4": 0,
      "p1": 0,
      "p2": 0,
      "cx": 480.0,
      "cy": 270.0,
      "is_fisheye": false,
      "camera_angle_x": 1.0513668818918194,
      "camera_angle_y": 0.6308595387408332,
      "fovx": 60.23888505223055,
      "fovy": 36.1455890354196
    },
    {
      "file_path": "./data\\my_scene\\images/0084.jpg",
      "sharpness": 34.374210731705176,
      "transform_matrix": [
        [
          -0.6964889910893941,
          -0.4930850947451857,
          0.5213158109105364,
          1.7984276379767865
        ],
        [
          0.6982620032945485,
          -0.6331112251813255,
          0.33406638757086243,
          1.3247963251990318
        ],
        [
          0.16532773538540516,
          0.5966885837116214,
          0.7852575845253672,
          2.7957562158889395
        ],
        [
          0.0,
          0.0,
          0.0,
          1.0
        ]
      ],
      "w": 960.0,
      "h": 540.0,
      "fl_x": 844.6878481189517,
      "fl_y": 844.6878481189517,
      "k1": 0,
      "k2": 0,
      "k3": 0,
      "k4": 0,
      "p1": 0,
      "p2": 0,
      "cx": 480.0,
      "cy": 270.0,
      "is_fisheye": false,
      "camera_angle_x": 1.0335043312158436,
      "camera_angle_y": 0.6187612423133371,
      "fovx": 59.21543628715858,
      "fovy": 35.45240771082587
    },
    {
      "file_path": "./data\\my_scene\\images/0085.jpg",
      "sharpness": 38.00966627728823,
      "transform_matrix": [
        [
          -0.6439209455623217,
          -0.4747569541595785,
          0.5999763748824997,
          2.149945906373504
        ],
        [
          0.7398336963886265,
          -0.5862091989126573,
          0.33015886599981403,
          1.3522476895788
        ],
        [
          0.19496645247553823,
          0.6564789483555524,
          0.728713573943256,
          2.6112659321779885
        ],
        [
          0.0,
          0.0,
          0.0,
          1.0
        ]
      ],
      "w": 960.0,
      "h": 540.0,
      "fl_x": 829.9905727440649,
      "fl_y": 829.9905727440649,
      "k1": 0,
      "k2": 0,
      "k3": 0,
      "k4": 0,
      "p1": 0,
      "p2": 0,
      "cx": 480.0,
      "cy": 270.0,
      "is_fisheye": false,
      "camera_angle_x": 1.048651269317742,
      "camera_angle_y": 0.629015291388614,
      "fovx": 60.08329191294327,
      "fovy": 36.039921445759255
    },
    {
      "file_path": "./data\\my_scene\\images/0086.jpg",
      "sharpness": 54.65134108510144,
      "transform_matrix": [
        [
          -0.5808699590414408,
          -0.46559573341037713,
          0.6676905748826686,
          2.5949873892195416
        ],
        [
          0.7828026363603487,
          -0.5444177677883345,
          0.30137904144750244,
          1.4040748763057265
        ],
        [
          0.22318181651366592,
          0.6977319737526693,
          0.6807054940684157,
          2.4647658532677177
        ],
        [
          0.0,
          0.0,
          0.0,
          1.0
        ]
      ],
      "w": 960.0,
      "h": 540.0,
      "fl_x": 825.0456632609936,
      "fl_y": 825.0456632609936,
      "k1": 0,
      "k2": 0,
      "k3": 0,
      "k4": 0,
      "p1": 0,
      "p2": 0,
      "cx": 480.0,
      "cy": 270.0,
      "is_fisheye": false,
      "camera_angle_x": 1.0538383383360408,
      "camera_angle_y": 0.6325395337139333,
      "fovx": 60.38048907573484,
      "fovy": 36.241845656981425
    },
    {
      "file_path": "./data\\my_scene\\images/0087.jpg",
      "sharpness": 42.445084797224496,
      "transform_matrix": [
        [
          -0.50901479273268,
          -0.48523213022382927,
          0.7109526852411856,
          2.7773603137454206
        ],
        [
          0.8310003133017799,
          -0.4923260711999575,
          0.25894694226678705,
          1.1338858257240836
        ],
        [
          0.22437116592279296,
          0.7226097283248568,
          0.6538293053288332,
          2.517207140187487
        ],
        [
          0.0,
          0.0,
          0.0,
          1.0
        ]
      ],
      "w": 960.0,
      "h": 540.0,
      "fl_x": 807.7025887741863,
      "fl_y": 807.7025887741863,
      "k1": 0,
      "k2": 0,
      "k3": 0,
      "k4": 0,
      "p1": 0,
      "p2": 0,
      "cx": 480.0,
      "cy": 270.0,
      "is_fisheye": false,
      "camera_angle_x": 1.0724032700693762,
      "camera_angle_y": 0.6452072497039788,
      "fovx": 61.44418131100345,
      "fovy": 36.96765231928142
    },
    {
      "file_path": "./data\\my_scene\\images/0088.jpg",
      "sharpness": 77.88780861571928,
      "transform_matrix": [
        [
          -0.424350580104841,
          -0.5130832365659247,
          0.7461046693283865,
          3.0816926162021057
        ],
        [
          0.8833820338525347,
          -0.41557307129375726,
          0.21664534308909988,
          0.9655210480302551
        ],
        [
          0.19890391512032027,
          0.7510290372750549,
          0.6295971869327038,
          2.5482171186880067
        ],
        [
          0.0,
          0.0,
          0.0,
          1.0
        ]
      ],
      "w": 960.0,
      "h": 540.0,
      "fl_x": 823.6192954951163,
      "fl_y": 823.6192954951163,
      "k1": 0,
      "k2": 0,
      "k3": 0,
      "k4": 0,
      "p1": 0,
      "p2": 0,
      "cx": 480.0,
      "cy": 270.0,
      "is_fisheye": false,
      "camera_angle_x": 1.0553432041349813,
      "camera_angle_y": 0.6335632105365263,
      "fovx": 60.466711534747716,
      "fovy": 36.300498018501365
    },
    {
      "file_path": "./data\\my_scene\\images/0089.jpg",
      "sharpness": 33.05963263744511,
      "transform_matrix": [
        [
          -0.3316076066772484,
          -0.5650067374479396,
          0.7555155735695479,
          3.2574103060433797
        ],
        [
          0.9288167453593307,
          -0.3358707515923868,
          0.15649374353317194,
          0.623408569953209
        ],
        [
          0.1653355640698651,
          0.7536300318641538,
          0.6361650150709292,
          2.4955136858793954
        ],
        [
          0.0,
          0.0,
          0.0,
          1.0
        ]
      ],
      "w": 960.0,
      "h": 540.0,
      "fl_x": 824.8746792482542,
      "fl_y": 824.8746792482542,
      "k1": 0,
      "k2": 0,
      "k3": 0,
      "k4": 0,
      "p1": 0,
      "p2": 0,
      "cx": 480.0,
      "cy": 270.0,
      "is_fisheye": false,
      "camera_angle_x": 1.054018527128183,
      "camera_angle_y": 0.6326620769881366,
      "fovx": 60.390813133040155,
      "fovy": 36.248866869400985
    },
    {
      "file_path": "./data\\my_scene\\images/0090.jpg",
      "sharpness": 39.76925730583285,
      "transform_matrix": [
        [
          -0.241729805909863,
          -0.5931543073450132,
          0.7679418393906782,
          3.2644541666665767
        ],
        [
          0.9616293535695632,
          -0.25226431292071394,
          0.10785037218380283,
          0.16867641665814784
        ],
        [
          0.12975240766737328,
          0.7645460641275764,
          0.631374396539496,
          2.549412447669957
        ],
        [
          0.0,
          0.0,
          0.0,
          1.0
        ]
      ],
      "w": 960.0,
      "h": 540.0,
      "fl_x": 821.9732103221392,
      "fl_y": 821.9732103221392,
      "k1": 0,
      "k2": 0,
      "k3": 0,
      "k4": 0,
      "p1": 0,
      "p2": 0,
      "cx": 480.0,
      "cy": 270.0,
      "is_fisheye": false,
      "camera_angle_x": 1.057084722278646,
      "camera_angle_y": 0.6347485608379632,
      "fovx": 60.56649317432516,
      "fovy": 36.36841358801826
    },
    {
      "file_path": "./data\\my_scene\\images/0091.jpg",
      "sharpness": 64.59322102550523,
      "transform_matrix": [
        [
          -0.1565585303157017,
          -0.602274283001415,
          0.7827867619565495,
          3.479425567074245
        ],
        [
          0.9823064804256717,
          -0.17742521992504146,
          0.05995222972034368,
          0.03992089223783656
        ],
        [
          0.10277842722539574,
          0.7783225420355127,
          0.6193953628584193,
          2.6363206353472464
        ],
        [
          0.0,
          0.0,
          0.0,
          1.0
        ]
      ],
      "w": 960.0,
      "h": 540.0,
      "fl_x": 849.5097980319609,
      "fl_y": 849.5097980319609,
      "k1": 0,
      "k2": 0,
      "k3": 0,
      "k4": 0,
      "p1": 0,
      "p2": 0,
      "cx": 480.0,
      "cy": 270.0,
      "is_fisheye": false,
      "camera_angle_x": 1.0286212022430086,
      "camera_angle_y": 0.6154671911647988,
      "fovx": 58.93565360619708,
      "fovy": 35.2636724825144
    },
    {
      "file_path": "./data\\my_scene\\images/0092.jpg",
      "sharpness": 71.2016049189815,
      "transform_matrix": [
        [
          -0.08584214302994397,
          -0.5919453189847569,
          0.8013937021751304,
          3.283733311358384
        ],
        [
          0.9934371072601321,
          -0.1118821231967304,
          0.02377192520123817,
          -0.14771206974520257
        ],
        [
          0.07558994906971311,
          0.7981748742685713,
          0.5976646465703404,
          2.5639654519734623
        ],
        [
          0.0,
          0.0,
          0.0,
          1.0
        ]
      ],
      "w": 960.0,
      "h": 540.0,
      "fl_x": 826.827832013781,
      "fl_y": 826.827832013781,
      "k1": 0,
      "k2": 0,
      "k3": 0,
      "k4": 0,
      "p1": 0,
      "p2": 0,
      "cx": 480.0,
      "cy": 270.0,
      "is_fisheye": false,
      "camera_angle_x": 1.0519635449972284,
      "camera_angle_y": 0.6312649895229389,
      "fovx": 60.27307132996165,
      "fovy": 36.16881965403453
    },
    {
      "file_path": "./data\\my_scene\\images/0093.jpg",
      "sharpness": 37.288448963989396,
      "transform_matrix": [
        [
          -0.028493737778385174,
          -0.5863670843906628,
          0.8095441614418022,
          3.2629941478502693
        ],
        [
          0.998153950696936,
          -0.06014631688978477,
          -0.00843275001720841,
          -0.2493168092031578
        ],
        [
          0.05363578671133951,
          0.8078094224390321,
          0.5869984152249769,
          2.3657868215737343
        ],
        [
          0.0,
          0.0,
          0.0,
          1.0
        ]
      ],
      "w": 960.0,
      "h": 540.0,
      "fl_x": 828.9598256861358,
      "fl_y": 828.9598256861358,
      "k1": 0,
      "k2": 0,
      "k3": 0,
      "k4": 0,
      "p1": 0,
      "p2": 0,
      "cx": 480.0,
      "cy": 270.0,
      "is_fisheye": false,
      "camera_angle_x": 1.0497286713289322,
      "camera_angle_y": 0.6297467702823509,
      "fovx": 60.14502250102336,
      "fovy": 36.08183209917328
    },
    {
      "file_path": "./data\\my_scene\\images/0094.jpg",
      "sharpness": 41.56367657427353,
      "transform_matrix": [
        [
          0.014673162494067315,
          -0.5729927060307478,
          0.8194291044452132,
          3.196242413353899
        ],
        [
          0.9992676712916146,
          -0.020560478153541496,
          -0.032270541515320286,
          -0.4355718140447924
        ],
        [
          0.03533863910826284,
          0.8193025238869673,
          0.5722713997855234,
          2.0808809455424564
        ],
        [
          0.0,
          0.0,
          0.0,
          1.0
        ]
      ],
      "w": 960.0,
      "h": 540.0,
      "fl_x": 824.3785798207165,
      "fl_y": 824.3785798207165,
      "k1": 0,
      "k2": 0,
      "k3": 0,
      "k4": 0,
      "p1": 0,
      "p2": 0,
      "cx": 480.0,
      "cy": 270.0,
      "is_fisheye": false,
      "camera_angle_x": 1.0545416496268476,
      "camera_angle_y": 0.6330178884901037,
      "fovx": 60.420785844381975,
      "fovy": 36.26925336676591
    },
    {
      "file_path": "./data\\my_scene\\images/0095.jpg",
      "sharpness": 61.94070063633592,
      "transform_matrix": [
        [
          0.041210905477343296,
          -0.5629045957314093,
          0.8254938385282454,
          3.183011668578039
        ],
        [
          0.9988669338760958,
          0.0035295561103703857,
          -0.04745935780003846,
          -0.5419334594926941
        ],
        [
          0.023801463794252478,
          0.8265143425326301,
          0.5624122438062371,
          1.960698336120043
        ],
        [
          0.0,
          0.0,
          0.0,
          1.0
        ]
      ],
      "w": 960.0,
      "h": 540.0,
      "fl_x": 829.3016783160126,
      "fl_y": 829.3016783160126,
      "k1": 0,
      "k2": 0,
      "k3": 0,
      "k4": 0,
      "p1": 0,
      "p2": 0,
      "cx": 480.0,
      "cy": 270.0,
      "is_fisheye": false,
      "camera_angle_x": 1.0493711229916711,
      "camera_angle_y": 0.6295039892845501,
      "fovx": 60.12453649032638,
      "fovy": 36.06792177265332
    },
    {
      "file_path": "./data\\my_scene\\images/0096.jpg",
      "sharpness": 56.8848212617646,
      "transform_matrix": [
        [
          0.04063468533959625,
          -0.5484355298374752,
          0.8352049401393292,
          3.2353434007267743
        ],
        [
          0.9989927527686111,
          0.006376095599500965,
          -0.044416498295785235,
          -0.5112655615022259
        ],
        [
          0.01903423923287045,
          0.8361685327078674,
          0.5481422103068319,
          2.0568162110067534
        ],
        [
          0.0,
          0.0,
          0.0,
          1.0
        ]
      ],
      "w": 960.0,
      "h": 540.0,
      "fl_x": 827.4646541153394,
      "fl_y": 827.4646541153394,
      "k1": 0,
      "k2": 0,
      "k3": 0,
      "k4": 0,
      "p1": 0,
      "p2": 0,
      "cx": 480.0,
      "cy": 270.0,
      "is_fisheye": false,
      "camera_angle_x": 1.0512950902524445,
      "camera_angle_y": 0.6308107599763894,
      "fovx": 60.234771694290046,
      "fovy": 36.1427942180871
    },
    {
      "file_path": "./data\\my_scene\\images/0097.jpg",
      "sharpness": 52.25598748070992,
      "transform_matrix": [
        [
